InPut : Pathcoordinates_iter : <type 'list'> : [array([-320.38002235, -325.17576958, -330.20480892, -335.6886356 ,
       -341.83943301, -348.83349479, -356.82373936, -365.91749425,
       -376.18486297, -387.64819338, -400.28382848, -414.02580324,
       -428.76036775, -444.34301768, -460.58754574, -477.29264991,
       -494.23129968, -494.23129968, -494.23129968, -494.23129968]), array([-277.23222217, -262.37232515, -247.89668815, -234.17014026,
       -221.54217293, -210.30316287, -200.70498498, -192.92442055,
       -187.07693843, -183.19934825, -181.25268407, -181.12829361,
       -182.63881717, -185.54623883, -189.54385291, -194.30009094,
       -199.44074908, -199.44074908, -199.44074908, -199.44074908]), array([712.70369695, 667.6106329 , 622.53248043, 577.48339708,
       532.4769452 , 487.52439312, 442.6355151 , 397.81717131,
       353.07384261, 308.40695745, 263.81500372, 219.29376505,
       174.83597078, 130.43238448,  86.07110413,  41.7392629 ,
        -2.57816401,  -2.57816401,  -2.57816401,  -2.57816401])]
InPut : TimeStepOrientation : <type 'list'> : [array([[ 0.38780087,  0.01655112, -0.92159457],
       [-0.92031888, -0.04860872, -0.38813704],
       [-0.05122163,  0.99868076, -0.00361819]]), array([[ 0.40912053,  0.00435673, -0.91226973],
       [-0.91143641, -0.04775201, -0.40933137],
       [-0.04363562,  0.99884972, -0.01455253]]), array([[ 0.4301984 , -0.0078383 , -0.9023467 ],
       [-0.90201531, -0.04688817, -0.4302573 ],
       [-0.03602383,  0.99886939, -0.02547734]]), array([[ 0.45102205, -0.02003217, -0.89183199],
       [-0.89206115, -0.04601732, -0.4509011 ],
       [-0.02839074,  0.99873977, -0.03638543]]), array([[ 0.47157915, -0.03222304, -0.8807325 ],
       [-0.8815798 , -0.04513959, -0.47124924],
       [-0.02074088,  0.99846087, -0.04726967]]), array([[ 0.49185756, -0.04440909, -0.8690555 ],
       [-0.87057745, -0.04425512, -0.49128838],
       [-0.01307876,  0.99803273, -0.05812291]]), array([[ 0.51184529, -0.05658851, -0.85680865],
       [-0.85906062, -0.04336403, -0.51100538],
       [-0.00540891,  0.99745542, -0.06893804]]), array([[ 0.53153054, -0.06875947, -0.84399998],
       [-0.84703611, -0.04246646, -0.5303873 ],
       [ 0.00226414,  0.99672902, -0.07970797]]), array([[ 0.55090166, -0.08092015, -0.83063788],
       [-0.83451102, -0.04156254, -0.54942144],
       [ 0.00993585,  0.99585365, -0.09042563]]), array([[ 0.55090166, -0.08092015, -0.83063788],
       [-0.83451102, -0.04156254, -0.54942144],
       [ 0.00993585,  0.99585365, -0.09042563]]), array([[ 0.55090166, -0.08092015, -0.83063788],
       [-0.83451102, -0.04156254, -0.54942144],
       [ 0.00993585,  0.99585365, -0.09042563]]), array([[ 0.55090166, -0.08092015, -0.83063788],
       [-0.83451102, -0.04156254, -0.54942144],
       [ 0.00993585,  0.99585365, -0.09042563]]), array([[ 0.55090166, -0.08092015, -0.83063788],
       [-0.83451102, -0.04156254, -0.54942144],
       [ 0.00993585,  0.99585365, -0.09042563]]), array([[ 0.55090166, -0.08092015, -0.83063788],
       [-0.83451102, -0.04156254, -0.54942144],
       [ 0.00993585,  0.99585365, -0.09042563]]), array([[ 0.55090166, -0.08092015, -0.83063788],
       [-0.83451102, -0.04156254, -0.54942144],
       [ 0.00993585,  0.99585365, -0.09042563]]), array([[ 0.55090166, -0.08092015, -0.83063788],
       [-0.83451102, -0.04156254, -0.54942144],
       [ 0.00993585,  0.99585365, -0.09042563]]), array([[ 0.55090166, -0.08092015, -0.83063788],
       [-0.83451102, -0.04156254, -0.54942144],
       [ 0.00993585,  0.99585365, -0.09042563]]), array([[ 0.55090166, -0.08092015, -0.83063788],
       [-0.83451102, -0.04156254, -0.54942144],
       [ 0.00993585,  0.99585365, -0.09042563]]), array([[ 0.55090166, -0.08092015, -0.83063788],
       [-0.83451102, -0.04156254, -0.54942144],
       [ 0.00993585,  0.99585365, -0.09042563]]), array([[ 0.55090166, -0.08092015, -0.83063788],
       [-0.83451102, -0.04156254, -0.54942144],
       [ 0.00993585,  0.99585365, -0.09042563]])]
InPut : EntryList : <type 'numpy.ndarray'> : [[-3694.71752384 -5834.14945527  2744.7169772InPut : Pathcoordinates_iter : <type 'list'> : [array([ 0.45607798, -1.96907419,  1.1288073 ,  4.76392176, -1.64964881,
        0.00526725]), array([ 0.31495257, -2.0759935 ,  1.31589695,  4.69332591, -1.52963719,
       -0.10704547]), array([ 0.16280803, -2.17096954,  1.4770086 ,  4.65281055, -1.4051395 ,
       -0.23102292]), array([ 0.0084158 , -2.2549123 ,  1.61864535,  4.63860649, -1.28474906,
       -0.36462546]), array([-0.13477739, -2.32615318,  1.74533402,  4.64218322, -1.17957733,
       -0.50080566]), array([-0.25302414, -2.38188265,  1.86156715,  4.64837233, -1.09841921,
       -0.62773723]), array([-0.33821474, -2.41950793,  1.97156301,  4.6399283 , -1.0433501 ,
       -0.73349103]), array([-0.390688  , -2.43725688,  2.0778123 ,  4.60525471, -1.01001065,
       -0.81235223]), array([-0.41612195, -2.4332932 ,  2.18053841,  4.54017912, -0.99189183,
       -0.86553726]), array([-0.4093412 , -2.41997992,  2.29529737,  4.40808518, -0.99469989,
       -0.85817061]), array([-0.39074295, -2.37677796,  2.40309093,  4.24622366, -1.00252789,
       -0.83810358]), array([-0.36383294, -2.29432524,  2.500968  ,  4.05060006, -1.0141731 ,
       -0.80942548]), array([-0.33175779, -2.16174577,  2.58445258,  3.8169693 , -1.02852717,
       -0.7757898 ]), array([-0.29711317, -1.97136266,  2.64717346,  3.54569976, -1.04458241,
       -0.74011824]), array([-0.26209912, -1.72941539,  2.68166565,  3.25174988, -1.06135975,
       -0.7047471 ]), array([-0.22838292, -1.46371357,  2.68256249,  2.96908994, -1.07800951,
       -0.67131757]), array([-0.19729507, -1.21058683,  2.65057855,  2.7338264 , -1.09376729,
       -0.64102657]), array([-0.19729507, -1.21058682,  2.65057855,  2.7338264 , -1.09376729,
       -0.64102657]), array([-0.19729507, -1.21058682,  2.65057855,  2.7338264 , -1.09376729,
       -0.64102657]), array([-0.19729507, -1.21058682,  2.65057855,  2.7338264 , -1.09376729,
       -0.64102657])]
InPut : TimeStepOrientation : <type 'int'> : 5
Ouput : stack <type 'list'> : [1]
*********************** ]
 [-2887.9711977  -5824.10400331  2456.38336462]]
InPut : TargetList : <type 'numpy.ndarray'> : [[-3684.5672647  -5824.64909858 -1324.27810569]
 [-3384.57050577 -5824.26513663 -1324.061248  ]]
InPut : Initial_point : <type 'list'> : [-320.38002235, -277.23222217, 712.70369695]
InPut : Entry : <type 'numpy.ndarray'> : [-494.23129968 -199.44074908   -2.57816401]
InPut : Target : <type 'numpy.ndarray'> : [-482.09327707 -193.20636839 -151.95621094]
InPut : Needle_radius : <type 'numpy.ndarray'> : [[0.62]
 [0.62]]
InPut : ETCList : <type 'list'> : [[array([-3684.5672647 , -5824.64909858, -1324.27810569]), array([-3694.71752384, -5834.14945527,  2744.7169772 ])], [array([-3384.57050577, -5824.26513663, -1324.061248  ]), array([-2887.9711977 , -5824.10400331,  2456.38336462])]]
InPut : EntryTargetStringList : <type 'list'> : ['1', '2', '3']
InPut : statustype : <type 'str'> : restAPI
