Ouput : offset <type 'numpy.ndarray'> : [[ 0.99999691 -0.00054603  0.00243003]
 [-0.00131406  0.71315416  0.70100601]
 [-0.00211576 -0.70100703  0.71315122]]
***********************Ouput : offset <type 'numpy.ndarray'> : [[ 0.99999691 -0.00054603  0.00243003]
 [-0.00131406  0.71315416  0.70100601]
 [-0.00211576 -0.70100703  0.71315122]]
***********************Ouput : offset <type 'numpy.ndarray'> : [[ 0.99999691 -0.00054603  0.00243003]
 [-0.00131406  0.71315416  0.70100601]
 [-0.00211576 -0.70100703  0.71315122]]
***********************Ouput : offset <type 'numpy.ndarray'> : [[ 0.99999691 -0.00054603  0.00243003]
 [-0.00131406  0.71315416  0.70100601]
 [-0.00211576 -0.70100703  0.71315122]]
***********************Ouput : offset <type 'numpy.ndarray'> : [[ 0.99999691 -0.00054603  0.00243003]
 [-0.00131406  0.71315416  0.70100601]
 [-0.00211576 -0.70100703  0.71315122]]
***********************Ouput : offset <type 'numpy.ndarray'> : [[ 0.99999691 -0.00054603  0.00243003]
 [-0.00131406  0.71315416  0.70100601]
 [-0.00211576 -0.70100703  0.71315122]]
***********************Ouput : offset <type 'numpy.ndarray'> : [[ 0.99999691 -0.00054603  0.00243003]
 [-0.00131406  0.71315416  0.70100601]
 [-0.00211576 -0.70100703  0.71315122]]
***********************Ouput : offset <type 'numpy.ndarray'> : [[ 0.99999691 -0.00054603  0.00243003]
 [-0.00131406  0.71315416  0.70100601]
 [-0.00211576 -0.70100703  0.71315122]]
***********************Ouput : offset <type 'numpy.ndarray'> : [[ 0.99999691 -0.00054603  0.00243003]
 [-0.00131406  0.71315416  0.70100601]
 [-0.00211576 -0.70100703  0.71315122]]
***********************Ouput : offset <type 'numpy.ndarray'> : [[ 0.99999691 -0.00054603  0.00243003]
 [-0.00131406  0.71315416  0.70100601]
 [-0.00211576 -0.70100703  0.71315122]]
***********************Ouput : offset <type 'numpy.ndarray'> : [[ 0.99999691 -0.00054603  0.00243003]
 [-0.00131406  0.71315416  0.70100601]
 [-0.00211576 -0.70100703  0.71315122]]
***********************Ouput : offset <type 'numpy.ndarray'> : [[ 0.99999691 -0.00054603  0.00243003]
 [-0.00131406  0.71315416  0.70100601]
 [-0.00211576 -0.70100703  0.71315122]]
***********************Ouput : offset <type 'numpy.ndarray'> : [[ 0.99999691 -0.00054603  0.00243003]
 [-0.00131406  0.71315416  0.70100601]
 [-0.00211576 -0.70100703  0.71315122]]
***********************Ouput : offset <type 'numpy.ndarray'> : [[ 0.99999691 -0.00054603  0.00243003]
 [-0.00131406  0.71315416  0.70100601]
 [-0.00211576 -0.70100703  0.71315122]]
***********************Ouput : offset <type 'numpy.ndarray'> : [[ 0.99999691 -0.00054603  0.00243003]
 [-0.00131406  0.71315416  0.70100601]
 [-0.00211576 -0.70100703  0.71315122]]
***********************Ouput : offset <type 'numpy.ndarray'> : [[ 0.99999691 -0.00054603  0.00243003]
 [-0.00131406  0.71315416  0.70100601]
 [-0.00211576 -0.70100703  0.71315122]]
***********************Ouput : offset <type 'numpy.ndarray'> : [[ 0.99999691 -0.00054603  0.00243003]
 [-0.00131406  0.71315416  0.70100601]
 [-0.00211576 -0.70100703  0.71315122]]
***********************Ouput : offset <type 'numpy.ndarray'> : [[ 0.99999691 -0.00054603  0.00243003]
 [-0.00131406  0.71315416  0.70100601]
 [-0.00211576 -0.70100703  0.71315122]]
***********************Ouput : offset <type 'numpy.ndarray'> : [[ 0.99999691 -0.00054603  0.00243003]
 [-0.00131406  0.71315416  0.70100601]
 [-0.00211576 -0.70100703  0.71315122]]
***********************Ouput : offset <type 'numpy.ndarray'> : [[ 0.99999691 -0.00054603  0.00243003]
 [-0.00131406  0.71315416  0.70100601]
 [-0.00211576 -0.70100703  0.71315122]]
***********************Ouput : offset <type 'numpy.ndarray'> : [[ 0.99999691 -0.00054603  0.00243003]
 [-0.00131406  0.71315416  0.70100601]
 [-0.00211576 -0.70100703  0.71315122]]
***********************Ouput : offset <type 'numpy.ndarray'> : [[ 0.99999691 -0.00054603  0.00243003]
 [-0.00131406  0.71315416  0.70100601]
 [-0.00211576 -0.70100703  0.71315122]]
***********************Ouput : offset <type 'numpy.ndarray'> : [[ 0.99999691 -0.00054603  0.00243003]
 [-0.00131406  0.71315416  0.70100601]
 [-0.00211576 -0.70100703  0.71315122]]
***********************Ouput : offset <type 'numpy.ndarray'> : [[ 0.99999691 -0.00054603  0.00243003]
 [-0.00131406  0.71315416  0.70100601]
 [-0.00211576 -0.70100703  0.71315122]]
***********************Ouput : offset <type 'numpy.ndarray'> : [[ 0.99999691 -0.00054603  0.00243003]
 [-0.00131406  0.71315416  0.70100601]
 [-0.00211576 -0.70100703  0.71315122]]
***********************