InPut : pos_ : <type 'numpy.ndarray'> : [-494.23129968 -199.44074908   -2.57816401]
InPut : orien : <type 'numpy.ndarray'> : [[ 0.37489803 -0.08092015 -0.92352769]
 [-0.92702955 -0.04156254 -0.37267784]
 [-0.00822701  0.99585365 -0.09059708]]
Output : Pos:<type 'numpy.ndarray'> : [-0.34462987 -0.14121848  0.14657018]
Output : OREINTATION:<type 'numpy.ndarray'> : [[-0.37269685  0.70559964 -0.60268251]
 [ 0.92790959  0.28967173 -0.23467866]
 [ 0.00899091 -0.64669887 -0.76269242]]
*************************InPut : pos_ : <type 'numpy.ndarray'> : [-494.23129968 -199.44074908   -2.57816401]
InPut : orien : <type 'numpy.ndarray'> : [[ 0.46522403 -0.08092015 -0.88148655]
 [-0.88519256 -0.04156254 -0.46336453]
 [ 0.00085871  0.99585365 -0.09096581]]
Output : Pos:<type 'numpy.ndarray'> : [-0.35183872 -0.12545897  0.14664214]
Output : OREINTATION:<type 'numpy.ndarray'> : [[-0.46312473  0.67624724 -0.57289192]
 [ 0.8862931   0.35329862 -0.29944051]
 [-0.00009389 -0.64642846 -0.76297459]]
*************************InPut : pos_ : <type 'numpy.ndarray'> : [-494.23129968 -199.44074908   -2.57816401]
InPut : orien : <type 'numpy.ndarray'> : [[ 0.28082618 -0.08092015 -0.95634125]
 [-0.95960396 -0.04156254 -0.27826748]
 [-0.01723052  0.99585365 -0.08932315]]
Output : Pos:<type 'numpy.ndarray'> : [-0.33902413 -0.15761536  0.14634135]
Output : OREINTATION:<type 'numpy.ndarray'> : [[-0.27854555  0.72847852 -0.6258845 ]
 [ 0.96025448  0.22344669 -0.16728088]
 [ 0.0179913  -0.64760374 -0.76176486]]
*************************InPut : pos_ : <type 'numpy.ndarray'> : [-494.23129968 -199.44074908   -2.57816401]
InPut : orien : <type 'numpy.ndarray'> : [[ 0.46522403 -0.08092015 -0.88148655]
 [-0.88519256 -0.04156254 -0.46336453]
 [ 0.00085871  0.99585365 -0.09096581]]
Output : Pos:<type 'numpy.ndarray'> : [-0.35183872 -0.12545897  0.14664214]
Output : OREINTATION:<type 'numpy.ndarray'> : [[-0.46312473  0.67624724 -0.57289192]
 [ 0.8862931   0.35329862 -0.29944051]
 [-0.00009389 -0.64642846 -0.76297459]]
*************************InPut : pos_ : <type 'numpy.ndarray'> : [-494.23129968 -199.44074908   -2.57816401]
InPut : orien : <type 'numpy.ndarray'> : [[ 0.55090166 -0.08092015 -0.83063788]
 [-0.83451102 -0.04156254 -0.54942144]
 [ 0.00993585  0.99585365 -0.09042563]]
Output : Pos:<type 'numpy.ndarray'> : [-0.36057865 -0.11049432  0.14655651]
Output : OREINTATION:<type 'numpy.ndarray'> : [[-0.54892566  0.6407146  -0.53681041]
 [ 0.83582084  0.41369162 -0.36091932]
 [-0.00917231 -0.6467952  -0.76260857]]
*************************InPut : pos_ : <type 'list'> : [-320.38002235, -277.23222217, 712.70369695]
InPut : orien : <type 'numpy.ndarray'> : [[ 0.38780087  0.01655112 -0.92159457]
 [-0.92031888 -0.04860872 -0.38813704]
 [-0.05122163  0.99868076 -0.00361819]]
Output : Pos:<type 'numpy.ndarray'> : [-0.15804076 -0.21726805  0.84711318]
Output : OREINTATION:<type 'numpy.ndarray'> : [[-0.38555113  0.63474942 -0.66965924]
 [ 0.92123266  0.30554255 -0.24077818]
 [ 0.05177558 -0.70974426 -0.70255417]]
*************************InPut : pos_ : <type 'list'> : [-325.1757695756765, -262.3723251475448, 667.6106329041538]
InPut : orien : <type 'numpy.ndarray'> : [[ 0.40912053  0.00435673 -0.91226973]
 [-0.91143641 -0.04775201 -0.40933137]
 [-0.04363562  0.99884972 -0.01455253]]
Output : Pos:<type 'numpy.ndarray'> : [-0.16606841 -0.19861099  0.80394518]
Output : OREINTATION:<type 'numpy.ndarray'> : [[-0.40690003  0.63693714 -0.65450598]
 [ 0.91240219  0.31980061 -0.2565123 ]
 [ 0.04421626 -0.70218975 -0.71048651]]
*************************InPut : pos_ : <type 'list'> : [-330.2048089243534, -247.896688149417, 622.5324804348693]
InPut : orien : <type 'numpy.ndarray'> : [[ 0.4301984  -0.0078383  -0.9023467 ]
 [-0.90201531 -0.04688817 -0.4302573 ]
 [-0.03602383  0.99886939 -0.02547734]]
Output : Pos:<type 'numpy.ndarray'> : [-0.17443337 -0.1803833   0.76077044]
Output : OREINTATION:<type 'numpy.ndarray'> : [[-0.42800862  0.63870568 -0.63892515]
 [ 0.90303244  0.33386614 -0.27206114]
 [ 0.03663104 -0.69453543 -0.71830744]]
*************************InPut : pos_ : <type 'list'> : [-335.68863559556297, -234.17014025628157, 577.4833970824155]
InPut : orien : <type 'numpy.ndarray'> : [[ 0.45102205 -0.02003217 -0.89183199]
 [-0.89206115 -0.04601732 -0.4509011 ]
 [-0.02839074  0.99873977 -0.03638543]]
Output : Pos:<type 'numpy.ndarray'> : [-0.18335576 -0.1629522   0.71760189]
Output : OREINTATION:<type 'numpy.ndarray'> : [[-0.4488644   0.64005827 -0.62292264]
 [ 0.89312895  0.3477296  -0.28741483]
 [ 0.02902442 -0.68678631 -0.72601184]]
*************************InPut : pos_ : <type 'list'> : [-341.83943300501454, -221.54217292731727, 532.4769451960387]
InPut : orien : <type 'numpy.ndarray'> : [[ 0.47157915 -0.03222304 -0.8807325 ]
 [-0.8815798  -0.04513959 -0.47124924]
 [-0.02074088  0.99846087 -0.04726967]]
Output : Pos:<type 'numpy.ndarray'> : [-0.19304634 -0.14666956  0.67445185]
Output : OREINTATION:<type 'numpy.ndarray'> : [[-0.46945507  0.64099845 -0.60650463]
 [ 0.88269756  0.36138159 -0.3025636 ]
 [ 0.02140087 -0.67894744 -0.73359462]]
*************************InPut : pos_ : <type 'list'> : [-348.83349479374084, -210.30316287100766, 487.52439312072926]
InPut : orien : <type 'numpy.ndarray'> : [[ 0.49185756 -0.04440909 -0.8690555 ]
 [-0.87057745 -0.04425512 -0.49128838]
 [-0.01307876  0.99803273 -0.05812291]]
Output : Pos:<type 'numpy.ndarray'> : [-0.20367991 -0.13182807  0.63133035]
Output : OREINTATION:<type 'numpy.ndarray'> : [[-0.48976844  0.64152998 -0.58967756]
 [ 0.87174443  0.37481283 -0.31749784]
 [ 0.01376492 -0.67102386 -0.74105071]]
*************************InPut : pos_ : <type 'list'> : [-356.82373936156523, -200.7049849782856, 442.635515101744]
InPut : orien : <type 'numpy.ndarray'> : [[ 0.51184529 -0.05658851 -0.85680865]
 [-0.85906062 -0.04336403 -0.51100538]
 [-0.00540891  0.99745542 -0.06893804]]
Output : Pos:<type 'numpy.ndarray'> : [-0.21540782 -0.11868193  0.58824593]
Output : OREINTATION:<type 'numpy.ndarray'> : [[-0.50979253  0.64165693 -0.57244814]
 [ 0.86027603  0.38801421 -0.33220806]
 [ 0.00612106 -0.6630206  -0.74837506]]
*************************InPut : pos_ : <type 'list'> : [-365.9174942511841, -192.9244205465094, 397.81717130585355]
InPut : orien : <type 'numpy.ndarray'> : [[ 0.53153054 -0.06875947 -0.84399998]
 [-0.84703611 -0.04246646 -0.5303873 ]
 [ 0.00226414  0.99672902 -0.07970797]]
Output : Pos:<type 'numpy.ndarray'> : [-0.22833579 -0.10741018  0.54520423]
Output : OREINTATION:<type 'numpy.ndarray'> : [[-0.52951548  0.64138362 -0.55482334]
 [ 0.84829914  0.40097675 -0.34668495]
 [-0.00152619 -0.6549427  -0.75556267]]
*************************InPut : pos_ : <type 'list'> : [-376.18486296951033, -187.07693843474453, 353.0738426122114]
InPut : orien : <type 'numpy.ndarray'> : [[ 0.55090166 -0.08092015 -0.83063788]
 [-0.83451102 -0.04156254 -0.54942144]
 [ 0.00993585  0.99585365 -0.09042563]]
Output : Pos:<type 'numpy.ndarray'> : [-0.24253222 -0.09813051  0.50220852]
Output : OREINTATION:<type 'numpy.ndarray'> : [[-0.54892566  0.6407146  -0.53681041]
 [ 0.83582084  0.41369162 -0.36091932]
 [-0.00917231 -0.6467952  -0.76260857]]
*************************InPut : pos_ : <type 'list'> : [-387.6481933805748, -183.19934824747168, 308.40695745261013]
InPut : orien : <type 'numpy.ndarray'> : [[ 0.55090166 -0.08092015 -0.83063788]
 [-0.83451102 -0.04156254 -0.54942144]
 [ 0.00993585  0.99585365 -0.09042563]]
Output : Pos:<type 'numpy.ndarray'> : [-0.25399555 -0.09425292  0.45754164]
Output : OREINTATION:<type 'numpy.ndarray'> : [[-0.54892566  0.6407146  -0.53681041]
 [ 0.83582084  0.41369162 -0.36091932]
 [-0.00917231 -0.6467952  -0.76260857]]
*************************InPut : pos_ : <type 'list'> : [-400.28382848057356, -181.25268407045309, 263.8150037176012]
InPut : orien : <type 'numpy.ndarray'> : [[ 0.55090166 -0.08092015 -0.83063788]
 [-0.83451102 -0.04156254 -0.54942144]
 [ 0.00993585  0.99585365 -0.09042563]]
Output : Pos:<type 'numpy.ndarray'> : [-0.26663118 -0.09230626  0.41294968]
Output : OREINTATION:<type 'numpy.ndarray'> : [[-0.54892566  0.6407146  -0.53681041]
 [ 0.83582084  0.41369162 -0.36091932]
 [-0.00917231 -0.6467952  -0.76260857]]
*************************InPut : pos_ : <type 'list'> : [-414.0258032410497, -181.12829361353155, 219.2937650514862]
InPut : orien : <type 'numpy.ndarray'> : [[ 0.55090166 -0.08092015 -0.83063788]
 [-0.83451102 -0.04156254 -0.54942144]
 [ 0.00993585  0.99585365 -0.09042563]]
Output : Pos:<type 'numpy.ndarray'> : [-0.28037316 -0.09218187  0.36842844]
Output : OREINTATION:<type 'numpy.ndarray'> : [[-0.54892566  0.6407146  -0.53681041]
 [ 0.83582084  0.41369162 -0.36091932]
 [-0.00917231 -0.6467952  -0.76260857]]
*************************InPut : pos_ : <type 'list'> : [-428.76036775195837, -182.63881717232078, 174.83597078232526]
InPut : orien : <type 'numpy.ndarray'> : [[ 0.55090166 -0.08092015 -0.83063788]
 [-0.83451102 -0.04156254 -0.54942144]
 [ 0.00993585  0.99585365 -0.09042563]]
Output : Pos:<type 'numpy.ndarray'> : [-0.29510772 -0.09369239  0.32397065]
Output : OREINTATION:<type 'numpy.ndarray'> : [[-0.54892566  0.6407146  -0.53681041]
 [ 0.83582084  0.41369162 -0.36091932]
 [-0.00917231 -0.6467952  -0.76260857]]
*************************InPut : pos_ : <type 'list'> : [-444.34301768099533, -185.54623883127016, 130.43238447561328]
InPut : orien : <type 'numpy.ndarray'> : [[ 0.55090166 -0.08092015 -0.83063788]
 [-0.83451102 -0.04156254 -0.54942144]
 [ 0.00993585  0.99585365 -0.09042563]]
Output : Pos:<type 'numpy.ndarray'> : [-0.31069037 -0.09659981  0.27956706]
Output : OREINTATION:<type 'numpy.ndarray'> : [[-0.54892566  0.6407146  -0.53681041]
 [ 0.83582084  0.41369162 -0.36091932]
 [-0.00917231 -0.6467952  -0.76260857]]
*************************InPut : pos_ : <type 'list'> : [-460.58754573550215, -189.5438529121656, 86.0711041251223]
InPut : orien : <type 'numpy.ndarray'> : [[ 0.55090166 -0.08092015 -0.83063788]
 [-0.83451102 -0.04156254 -0.54942144]
 [ 0.00993585  0.99585365 -0.09042563]]
Output : Pos:<type 'numpy.ndarray'> : [-0.3269349  -0.10059743  0.23520578]
Output : OREINTATION:<type 'numpy.ndarray'> : [[-0.54892566  0.6407146  -0.53681041]
 [ 0.83582084  0.41369162 -0.36091932]
 [-0.00917231 -0.6467952  -0.76260857]]
*************************InPut : pos_ : <type 'list'> : [-477.2926499084459, -194.30009093714884, 41.73926289998299]
InPut : orien : <type 'numpy.ndarray'> : [[ 0.55090166 -0.08092015 -0.83063788]
 [-0.83451102 -0.04156254 -0.54942144]
 [ 0.00993585  0.99585365 -0.09042563]]
Output : Pos:<type 'numpy.ndarray'> : [-0.34364    -0.10535366  0.19087394]
Output : OREINTATION:<type 'numpy.ndarray'> : [[-0.54892566  0.6407146  -0.53681041]
 [ 0.83582084  0.41369162 -0.36091932]
 [-0.00917231 -0.6467952  -0.76260857]]
*************************InPut : pos_ : <type 'list'> : [-494.23129967566206, -199.44074908316097, -2.578164008202407]
InPut : orien : <type 'numpy.ndarray'> : [[ 0.55090166 -0.08092015 -0.83063788]
 [-0.83451102 -0.04156254 -0.54942144]
 [ 0.00993585  0.99585365 -0.09042563]]
Output : Pos:<type 'numpy.ndarray'> : [-0.36057865 -0.11049432  0.14655652]
Output : OREINTATION:<type 'numpy.ndarray'> : [[-0.54892566  0.6407146  -0.53681041]
 [ 0.83582084  0.41369162 -0.36091932]
 [-0.00917231 -0.6467952  -0.76260857]]
*************************InPut : pos_ : <type 'list'> : [-494.23129967566206, -199.44074908316097, -2.578164008202366]
InPut : orien : <type 'numpy.ndarray'> : [[ 0.55090166 -0.08092015 -0.83063788]
 [-0.83451102 -0.04156254 -0.54942144]
 [ 0.00993585  0.99585365 -0.09042563]]
Output : Pos:<type 'numpy.ndarray'> : [-0.36057865 -0.11049432  0.14655651]
Output : OREINTATION:<type 'numpy.ndarray'> : [[-0.54892566  0.6407146  -0.53681041]
 [ 0.83582084  0.41369162 -0.36091932]
 [-0.00917231 -0.6467952  -0.76260857]]
*************************InPut : pos_ : <type 'list'> : [-494.23129967566206, -199.44074908316097, -2.578164008202366]
InPut : orien : <type 'numpy.ndarray'> : [[ 0.55090166 -0.08092015 -0.83063788]
 [-0.83451102 -0.04156254 -0.54942144]
 [ 0.00993585  0.99585365 -0.09042563]]
Output : Pos:<type 'numpy.ndarray'> : [-0.36057865 -0.11049432  0.14655651]
Output : OREINTATION:<type 'numpy.ndarray'> : [[-0.54892566  0.6407146  -0.53681041]
 [ 0.83582084  0.41369162 -0.36091932]
 [-0.00917231 -0.6467952  -0.76260857]]
*************************InPut : pos_ : <type 'list'> : [-494.23129967566206, -199.44074908316097, -2.578164008202366]
InPut : orien : <type 'numpy.ndarray'> : [[ 0.55090166 -0.08092015 -0.83063788]
 [-0.83451102 -0.04156254 -0.54942144]
 [ 0.00993585  0.99585365 -0.09042563]]
Output : Pos:<type 'numpy.ndarray'> : [-0.36057865 -0.11049432  0.14655651]
Output : OREINTATION:<type 'numpy.ndarray'> : [[-0.54892566  0.6407146  -0.53681041]
 [ 0.83582084  0.41369162 -0.36091932]
 [-0.00917231 -0.6467952  -0.76260857]]
*************************