InPut : position : <type 'numpy.ndarray'> : [-0.34462987 -0.14121848  0.14657018]
InPut : Rotation : <type 'numpy.ndarray'> : [[-0.37269685  0.70559964 -0.60268251]
 [ 0.92790959  0.28967173 -0.23467866]
 [ 0.00899091 -0.64669887 -0.76269242]]
Output : ikUR5:<type 'numpy.ndarray'> : [[-0.05495843  4.94015571 -4.09629126  0.06943068  1.30007127  2.79425942]
 [-0.05495843  0.68897971 -2.18689404  2.41120946  1.30007127  2.79425942]
 [-0.05495843 -1.16293802  2.65662794 -3.72198744 -1.30007127 -0.34733323]
 [-0.05495843 -5.11122848  3.62655737 -0.74362641 -1.30007127 -0.34733323]
 [-2.30148687  1.97331183 -3.62502792  3.87017083  1.27426453  0.35469605]
 [-2.30148687 -1.97448975  3.62502792  0.56791656  1.27426453  0.35469605]
 [-2.30148687  2.45049964 -4.09716334  0.72352578 -1.27426453 -2.7868966 ]
 [-2.30148687 -1.80138374  4.09716334 -3.21891752 -1.27426453 -2.7868966 ]]
*************************InPut : position : <type 'numpy.ndarray'> : [-0.35183872 -0.12545897  0.14664214]
InPut : Rotation : <type 'numpy.ndarray'> : [[-0.46312473  0.67624724 -0.57289192]
 [ 0.8862931   0.35329862 -0.29944051]
 [-0.00009389 -0.64642846 -0.76297459]]
Output : ikUR5:<type 'numpy.ndarray'> : [[-0.13092518  4.95852211 -4.10618217  0.11230659  1.18998949  2.64958046]
 [-0.13092518  0.69930722 -2.17700314  2.44234246  1.18998949  2.64958046]
 [-0.13092518  5.09850645 -3.62418731 -3.65126525 -1.18998949 -0.4920122 ]
 [-0.13092518  1.15097089 -2.658998   -0.668919   -1.18998949 -0.4920122 ]
 [-2.38323708  1.96164887 -3.63607793  3.92905437  1.39325514  0.21354154]
 [-2.38323708 -1.98982295  3.63607793  0.60837032  1.39325514  0.21354154]
 [-2.38323708  2.45889738 -4.09937538  0.75351065 -1.39325514 -2.92805112]
 [-2.38323708 -1.7947815   4.09937538 -3.19156123 -1.39325514 -2.92805112]]
*************************InPut : position : <type 'numpy.ndarray'> : [-0.33902413 -0.15761536  0.14634135]
InPut : Rotation : <type 'numpy.ndarray'> : [[-0.27854555  0.72847852 -0.6258845 ]
 [ 0.96025448  0.22344669 -0.16728088]
 [ 0.0179913  -0.64760374 -0.76176486]]
Output : ikUR5:<type 'numpy.ndarray'> : [[ 0.027475    4.93648033 -4.10007641  0.04319756  1.42020405  2.93443648]
 [ 0.027475    0.68223206 -2.1831089   2.38047831  1.42020405  2.93443648]
 [ 0.027475   -1.14647233  2.64412354 -3.75964238 -1.42020405 -0.20715618]
 [ 0.027475   -5.09898886  3.63906177 -0.80206408 -1.42020405 -0.20715618]
 [-2.2267298   1.99361222 -3.62419044  3.79521601  1.16584306  0.50046365]
 [-2.2267298  -1.95392433  3.62419044  0.49437167  1.16584306  0.50046365]
 [-2.2267298   2.4385799  -4.10860411  0.69306934 -1.16584306 -2.641129  ]
 [-2.2267298  -1.82260872  4.10860411 -3.26295025 -1.16584306 -2.641129  ]]
*************************InPut : position : <type 'numpy.ndarray'> : [-0.35183872 -0.12545897  0.14664214]
InPut : Rotation : <type 'numpy.ndarray'> : [[-0.46312473  0.67624724 -0.57289192]
 [ 0.8862931   0.35329862 -0.29944051]
 [-0.00009389 -0.64642846 -0.76297459]]
Output : ikUR5:<type 'numpy.ndarray'> : [[-0.13092518  4.95852211 -4.10618217  0.11230659  1.18998949  2.64958046]
 [-0.13092518  0.69930722 -2.17700314  2.44234246  1.18998949  2.64958046]
 [-0.13092518  5.09850645 -3.62418731 -3.65126525 -1.18998949 -0.4920122 ]
 [-0.13092518  1.15097089 -2.658998   -0.668919   -1.18998949 -0.4920122 ]
 [-2.38323708  1.96164887 -3.63607793  3.92905437  1.39325514  0.21354154]
 [-2.38323708 -1.98982295  3.63607793  0.60837032  1.39325514  0.21354154]
 [-2.38323708  2.45889738 -4.09937538  0.75351065 -1.39325514 -2.92805112]
 [-2.38323708 -1.7947815   4.09937538 -3.19156123 -1.39325514 -2.92805112]]
*************************InPut : position : <type 'numpy.ndarray'> : [-0.36057865 -0.11049432  0.14655651]
InPut : Rotation : <type 'numpy.ndarray'> : [[-0.54892566  0.6407146  -0.53681041]
 [ 0.83582084  0.41369162 -0.36091932]
 [-0.00917231 -0.6467952  -0.76260857]]
Output : ikUR5:<type 'numpy.ndarray'> : [[-0.19729507  4.99032688 -4.1290965   0.17099509  1.09376729  2.50056608]
 [-0.19729507  0.71235778 -2.1540888   2.47395649  1.09376729  2.50056608]
 [-0.19729507  5.07259848 -3.63260676 -3.54935891 -1.09376729 -0.64102657]
 [-0.19729507  1.12231374 -2.65057855 -0.58110238 -1.09376729 -0.64102657]
 [-2.46803971  1.95881799 -3.65642467  3.97021805  1.51802555  0.07649186]
 [-2.46803971 -2.00020365  3.65642467  0.61639035  1.51802555  0.07649186]
 [-2.46803971  2.46369501 -4.11527923  0.78260294 -1.51802555 -3.0651008 ]
 [-2.46803971 -1.80294397  4.11527923 -3.18131654 -1.51802555 -3.0651008 ]]
*************************InPut : position : <type 'numpy.ndarray'> : [-0.15804076 -0.21726805  0.84711318]
InPut : Rotation : <type 'numpy.ndarray'> : [[-0.38555113  0.63474942 -0.66965924]
 [ 0.92123266  0.30554255 -0.24077818]
 [ 0.05177558 -0.70974426 -0.70255417]]
Output : ikUR5:<type 'numpy.ndarray'> : [[ 0.45607798         nan         nan         nan  1.64964881 -3.1363254 ]
 [ 0.45607798         nan         nan         nan  1.64964881 -3.1363254 ]
 [ 0.45607798  4.31411112 -5.154378   -1.51926355 -1.64964881  0.00526725]
 [ 0.45607798 -0.89107758 -1.1288073  -0.33964555 -1.64964881  0.00526725]
 [-1.3390164   4.21911069 -5.44349862  2.90928546  0.78546271  1.33729509]
 [-1.3390164  -1.26021722 -0.83968669  3.78480144  0.78546271  1.33729509]
 [-1.3390164   4.25834181 -6.03398329  0.31894636 -0.78546271 -1.80429757]
 [-1.3390164  -1.78569572 -0.24920202  0.57820262 -0.78546271 -1.80429757]]
*************************InPut : position : <type 'numpy.ndarray'> : [-0.16606841 -0.19861099  0.80394518]
InPut : Rotation : <type 'numpy.ndarray'> : [[-0.40690003  0.63693714 -0.65450598]
 [ 0.91240219  0.31980061 -0.2565123 ]
 [ 0.04421626 -0.70218975 -0.71048651]]
Output : ikUR5:<type 'numpy.ndarray'> : [[ 0.31495257  4.88703404 -6.07461892  1.97922158  1.52963719  3.03454719]
 [ 0.31495257 -1.19598655 -0.20856639  2.19618963  1.52963719  3.03454719]
 [ 0.31495257  4.20719181 -4.96728836 -1.5898594  -1.52963719 -0.10704547]
 [ 0.31495257 -0.82211433 -1.31589695 -0.21194467 -1.52963719 -0.10704547]
 [-1.37046817  4.11418288 -5.1846975   2.80964098  0.80590257  1.26492906]
 [-1.37046817 -1.11963774 -1.09848781  3.95725191  0.80590257  1.26492906]
 [-1.37046817  4.05737871 -5.59997786  0.14013285 -0.80590257 -1.8766636 ]
 [-1.37046817 -1.57113805 -0.68320745  0.85187921 -0.80590257 -1.8766636 ]]
*************************InPut : position : <type 'numpy.ndarray'> : [-0.17443337 -0.1803833   0.76077044]
InPut : Rotation : <type 'numpy.ndarray'> : [[-0.42800862  0.63870568 -0.63892515]
 [ 0.90303244  0.33386614 -0.27206114]
 [ 0.03663104 -0.69453543 -0.71830744]]
Output : ikUR5:<type 'numpy.ndarray'> : [[ 0.16280803  4.64617565 -5.57443582  1.74551713  1.4051395   2.91056973]
 [ 0.16280803 -0.95795893 -0.70874949  2.48396538  1.4051395   2.91056973]
 [ 0.16280803  4.11221577 -4.80617671 -1.63037475 -1.4051395  -0.23102292]
 [ 0.16280803 -0.76700602 -1.4770086  -0.08032107 -1.4051395  -0.23102292]
 [-1.41454839  4.02983938 -4.97081997  2.74240165  0.83189243  1.17883068]
 [-1.41454839 -1.00277249 -1.31236534  4.11655888  0.83189243  1.17883068]
 [-1.41454839  3.94508099 -5.35259561  0.06734303 -0.83189243 -1.96276197]
 [-1.41454839 -1.44781164 -0.93058969  1.03822975 -0.83189243 -1.96276197]]
*************************InPut : position : <type 'numpy.ndarray'> : [-0.18335576 -0.1629522   0.71760189]
InPut : Rotation : <type 'numpy.ndarray'> : [[-0.4488644   0.64005827 -0.62292264]
 [ 0.89312895  0.3477296  -0.28741483]
 [ 0.02902442 -0.68678631 -0.72601184]]
Output : ikUR5:<type 'numpy.ndarray'> : [[ 0.0084158   4.51979457 -5.29781409  1.63876641  1.28474906  2.77696719]
 [ 0.0084158  -0.82110743 -0.98537122  2.66722554  1.28474906  2.77696719]
 [ 0.0084158   4.02827301 -4.66453995 -1.64457882 -1.28474906 -0.36462546]
 [ 0.0084158  -0.7204273  -1.61864535  0.05822689 -1.28474906 -0.36462546]
 [-1.47749183  3.95344487 -4.78154093  2.70243326  0.86716436  1.0732648 ]
 [-1.47749183 -0.90296751 -1.50164438  4.2789491   0.86716436  1.0732648 ]
 [-1.47749183  3.85798078 -5.16335845  0.03812222 -0.86716436 -2.06832785]
 [-1.47749183 -1.35568519 -1.11982685  1.2082566  -0.86716436 -2.06832785]]
*************************InPut : position : <type 'numpy.ndarray'> : [-0.19304634 -0.14666956  0.67445185]
InPut : Rotation : <type 'numpy.ndarray'> : [[-0.46945507  0.64099845 -0.60650463]
 [ 0.88269756  0.36138159 -0.3025636 ]
 [ 0.02140087 -0.67894744 -0.73359462]]
Output : ikUR5:<type 'numpy.ndarray'> : [[-0.13477739  4.43231776 -5.08112154  1.56857519  1.17957733  2.64078699]
 [-0.13477739 -0.70383006 -1.20206376  2.82566522  1.17957733  2.64078699]
 [-0.13477739  3.95703212 -4.53785129 -1.64100209 -1.17957733 -0.50080566]
 [-0.13477739 -0.67641372 -1.74533402  0.19992649 -1.17957733 -0.50080566]
 [-1.56510119  3.87693534 -4.60851516  2.68887047  0.91698274  0.94531315]
 [-1.56510119 -0.82059861 -1.67467015  4.45255942  0.91698274  0.94531315]
 [-1.56510119  3.78167225 -5.00743494  0.04146069 -0.91698274 -2.1962795 ]
 [-1.56510119 -1.28524803 -1.27575037  1.37669639 -0.91698274 -2.1962795 ]]
*************************InPut : position : <type 'numpy.ndarray'> : [-0.20367991 -0.13182807  0.63133035]
InPut : Rotation : <type 'numpy.ndarray'> : [[-0.48976844  0.64152998 -0.58967756]
 [ 0.87174443  0.37481283 -0.31749784]
 [ 0.01376492 -0.67102386 -0.74105071]]
Output : ikUR5:<type 'numpy.ndarray'> : [[-0.25302414  4.37423583 -4.89948459  1.51171293  1.09841921  2.51385542]
 [-0.25302414 -0.59172748 -1.38370071  2.96189237  1.09841921  2.51385542]
 [-0.25302414  3.90130266 -4.42161816 -1.63481298 -1.09841921 -0.62773723]
 [-0.25302414 -0.62802487 -1.86156715  0.33446355 -1.09841921 -0.62773723]
 [-1.67881682  3.79468523 -4.44911152  2.69799272  0.98602229  0.79938797]
 [-1.67881682 -0.75910608 -1.83407379  4.63674631  0.98602229  0.79938797]
 [-1.67881682  3.70745718 -4.87300113  0.06751773 -0.98602229 -2.34220469]
 [-1.67881682 -1.23383312 -1.41018418  1.54599109 -0.98602229 -2.34220469]]
*************************InPut : position : <type 'numpy.ndarray'> : [-0.21540782 -0.11868193  0.58824593]
InPut : Rotation : <type 'numpy.ndarray'> : [[-0.50979253  0.64165693 -0.57244814]
 [ 0.86027603  0.38801421 -0.33220806]
 [ 0.00612106 -0.6630206  -0.74837506]]
Output : ikUR5:<type 'numpy.ndarray'> : [[-0.33821474  4.34295613 -4.74500754  1.45244214  1.0433501   2.40810162]
 [-0.33821474 -0.47970983 -1.53817777  3.06827833  1.0433501   2.40810162]
 [-0.33821474  3.86367738 -4.3116223  -1.643257   -1.0433501  -0.73349103]
 [-0.33821474 -0.56899106 -1.97156301  0.44935214 -1.0433501  -0.73349103]
 [-1.81250208  3.70356226 -4.30361048  2.72169424  1.07436503  0.64756455]
 [-1.81250208 -0.72215141 -1.97957483  4.82337227  1.07436503  0.64756455]
 [-1.81250208  3.62873635 -4.75269327  0.10401028 -1.07436503 -2.49402811]
 [-1.81250208 -1.20102096 -1.53049204  1.71156637 -1.07436503 -2.49402811]]
*************************InPut : position : <type 'numpy.ndarray'> : [-0.22833579 -0.10741018  0.54520423]
InPut : Rotation : <type 'numpy.ndarray'> : [[-0.52951548  0.64138362 -0.55482334]
 [ 0.84829914  0.40097675 -0.34668495]
 [-0.00152619 -0.6549427  -0.75556267]]
Output : ikUR5:<type 'numpy.ndarray'> : [[-0.390688    4.33674696 -4.61411286  1.38158338  1.01001065  2.32924043]
 [-0.390688   -0.3658859  -1.66907244  3.13917582  1.01001065  2.32924043]
 [-0.390688    3.84592843 -4.205373   -1.6779306  -1.01001065 -0.81235223]
 [-0.390688   -0.49564775 -2.0778123   0.53608488 -1.01001065 -0.81235223]
 [-1.95379584  3.60234013 -4.17258524  2.7519763   1.17551532  0.50339124]
 [-1.95379584 -0.71168643 -2.11060007  5.00401769  1.17551532  0.50339124]
 [-1.95379584  3.54150267 -4.64279877  0.14143463 -1.17551532 -2.63820142]
 [-1.95379584 -1.18730724 -1.64038654  1.86783231 -1.17551532 -2.63820142]]
*************************InPut : position : <type 'numpy.ndarray'> : [-0.24253222 -0.09813051  0.50220852]
InPut : Rotation : <type 'numpy.ndarray'> : [[-0.54892566  0.6407146  -0.53681041]
 [ 0.83582084  0.41369162 -0.36091932]
 [-0.00917231 -0.6467952  -0.76260857]]
Output : ikUR5:<type 'numpy.ndarray'> : [[-0.41612195  4.35383957 -4.5043217   1.29631381  0.99189183  2.2760554 ]
 [-0.41612195 -0.24939273 -1.7788636   3.17408801  0.99189183  2.2760554 ]
 [-0.41612195  3.8498921  -4.1026469  -1.74300619 -0.99189183 -0.86553726]
 [-0.41612195 -0.40644547 -2.18053841  0.5912229  -0.99189183 -0.86553726]
 [-2.08996808  3.48986691 -4.05576363  2.78666582  1.27970171  0.37518694]
 [-2.08996808 -0.72875295 -2.22742167  5.17694372  1.27970171  0.37518694]
 [-2.08996808  3.44447707 -4.54279936  0.17749873 -1.27970171 -2.76640571]
 [-2.08996808 -1.19343867 -1.74038595  2.01300106 -1.27970171 -2.76640571]]
*************************InPut : position : <type 'numpy.ndarray'> : [-0.25399555 -0.09425292  0.45754164]
InPut : Rotation : <type 'numpy.ndarray'> : [[-0.54892566  0.6407146  -0.53681041]
 [ 0.83582084  0.41369162 -0.36091932]
 [-0.00917231 -0.6467952  -0.76260857]]
Output : ikUR5:<type 'numpy.ndarray'> : [[-0.4093412   4.37518315 -4.40426016  1.17088698  0.99469989  2.28342204]
 [-0.4093412  -0.13875707 -1.87892515  3.15949219  0.99469989  2.28342204]
 [-0.4093412   3.86320539 -3.98788794 -1.87510013 -0.99469989 -0.85817061]
 [-0.4093412  -0.30245983 -2.29529737  0.59797452 -0.99469989 -0.85817061]
 [-2.16633962  3.37640636 -3.94286669  2.80381003  1.32643734  0.31254599]
 [-2.16633962 -0.75542544 -2.34031861  5.33309375  1.32643734  0.31254599]
 [-2.16633962  3.33816461 -4.43874066  0.19633309 -1.32643734 -2.82904667]
 [-2.16633962 -1.20638578 -1.84444465  2.14658748 -1.32643734 -2.82904667]]
*************************InPut : position : <type 'numpy.ndarray'> : [-0.26663118 -0.09230626  0.41294968]
InPut : Rotation : <type 'numpy.ndarray'> : [[-0.54892566  0.6407146  -0.53681041]
 [ 0.83582084  0.41369162 -0.36091932]
 [-0.00917231 -0.6467952  -0.76260857]]
Output : ikUR5:<type 'numpy.ndarray'> : [[-0.39074295  4.41493235 -4.31922847  1.0352401   1.00252789  2.30348907]
 [-0.39074295 -0.02435043 -1.96395684  3.11925124  1.00252789  2.30348907]
 [-0.39074295  3.90640735 -3.88009438 -2.03696165 -1.00252789 -0.83810358]
 [-0.39074295 -0.18037387 -2.40309093  0.57281612 -1.00252789 -0.83810358]
 [-2.23389807  3.24499007 -3.84038856  2.84475409  1.36853598  0.25835771]
 [-2.23389807 -0.81483727  3.84038856 -0.77619569  1.36853598  0.25835771]
 [-2.23389807  3.2256102  -4.34736642  0.22951917 -1.36853598 -2.88323494]
 [-2.23389807 -1.23823687  4.34736642 -4.00136661 -1.36853598 -2.88323494]]
*************************InPut : position : <type 'numpy.ndarray'> : [-0.28037316 -0.09218187  0.36842844]
InPut : Rotation : <type 'numpy.ndarray'> : [[-0.54892566  0.6407146  -0.53681041]
 [ 0.83582084  0.41369162 -0.36091932]
 [-0.00917231 -0.6467952  -0.76260857]]
Output : ikUR5:<type 'numpy.ndarray'> : [[-0.36383294  4.47293092 -4.24882205  0.8915413   1.0141731   2.33216717]
 [-0.36383294  0.09441644 -2.03436325  3.05559698  1.0141731   2.33216717]
 [-0.36383294  3.98886007 -3.7822173  -2.23258525 -1.0141731  -0.80942548]
 [-0.36383294 -0.03416857 -2.500968    0.50919409 -1.0141731  -0.80942548]
 [-2.29188934  3.08912558 -3.75068046  2.91928439  1.40513068  0.2125958 ]
 [-2.29188934 -0.91556834  3.75068046 -0.57738262  1.40513068  0.2125958 ]
 [-2.29188934  3.10653079 -4.26934255  0.27894861 -1.40513068 -2.92899686]
 [-2.29188934 -1.28958522  4.26934255 -3.86362047 -1.40513068 -2.92899686]]
*************************InPut : position : <type 'numpy.ndarray'> : [-0.29510772 -0.09369239  0.32397065]
InPut : Rotation : <type 'numpy.ndarray'> : [[-0.54892566  0.6407146  -0.53681041]
 [ 0.83582084  0.41369162 -0.36091932]
 [-0.00917231 -0.6467952  -0.76260857]]
Output : ikUR5:<type 'numpy.ndarray'> : [[-0.33175779  4.54870212 -4.19322903  0.74261037  1.02852717  2.36580285]
 [-0.33175779  0.21736412 -2.08995628  2.97067562  1.02852717  2.36580285]
 [-0.33175779  4.12143954 -3.69873273 -2.46621601 -1.02852717 -0.7757898 ]
 [-0.33175779  0.14385582 -2.58445258  0.39708757 -1.02852717 -0.7757898 ]
 [-2.3406949   2.90172876 -3.67780188  3.03949887  1.43619279  0.17452107]
 [-2.3406949  -1.06622503  3.67780188 -0.3481511   1.43619279  0.17452107]
 [-2.3406949   2.981362   -4.20571675  0.34618784 -1.43619279 -2.96707158]
 [-2.3406949  -1.36050454  4.20571675 -3.72337911 -1.43619279 -2.96707158]]
*************************InPut : position : <type 'numpy.ndarray'> : [-0.31069037 -0.09659981  0.27956706]
InPut : Rotation : <type 'numpy.ndarray'> : [[-0.54892566  0.6407146  -0.53681041]
 [ 0.83582084  0.41369162 -0.36091932]
 [-0.00917231 -0.6467952  -0.76260857]]
Output : ikUR5:<type 'numpy.ndarray'> : [[-0.29711317  4.64106018 -4.15302911  0.59188683  1.04458241  2.40147441]
 [-0.29711317  0.34331978 -2.1301562   2.86675432  1.04458241  2.40147441]
 [-0.29711317  4.31182264 -3.63601185 -2.73748555 -1.04458241 -0.74011824]
 [-0.29711317  0.36037372 -2.64717346  0.22512499 -1.04458241 -0.74011824]
 [-2.3813483   2.67921807 -3.62758     3.21560511  1.46221438  0.14305359]
 [-2.3813483  -1.26940276  3.62758    -0.09093407  1.46221438  0.14305359]
 [-2.3813483   2.85148736 -4.15770582  0.43186898 -1.46221438 -2.99853907]
 [-2.3813483  -1.45013739  4.15770582 -3.58191791 -1.46221438 -2.99853907]]
*************************InPut : position : <type 'numpy.ndarray'> : [-0.3269349  -0.10059743  0.23520578]
InPut : Rotation : <type 'numpy.ndarray'> : [[-0.54892566  0.6407146  -0.53681041]
 [ 0.83582084  0.41369162 -0.36091932]
 [-0.00917231 -0.6467952  -0.76260857]]
Output : ikUR5:<type 'numpy.ndarray'> : [[-0.26209912  4.74774459 -4.12880999  0.44347288  1.06135975  2.43684555]
 [-0.26209912  0.47001108 -2.15437532  2.74677173  1.06135975  2.43684555]
 [-0.26209912  4.55376991 -3.60151965 -3.03143543 -1.06135975 -0.7047471 ]
 [-0.26209912  0.61265395 -2.68166565 -0.01017346 -1.06135975 -0.7047471 ]
 [-2.4152039   2.43001995 -3.6061264   3.44589284  1.48396686  0.11698587]
 [-2.4152039  -1.51227836  3.6061264   0.17593835  1.48396686  0.11698587]
 [-2.4152039   2.71944517 -4.12634619  0.53509476 -1.48396686 -3.02460678]
 [-2.4152039  -1.55626361  4.12634619 -3.44188884 -1.48396686 -3.02460678]]
*************************InPut : position : <type 'numpy.ndarray'> : [-0.34364    -0.10535366  0.19087394]
InPut : Rotation : <type 'numpy.ndarray'> : [[-0.54892566  0.6407146  -0.53681041]
 [ 0.83582084  0.41369162 -0.36091932]
 [-0.00917231 -0.6467952  -0.76260857]]
Output : ikUR5:<type 'numpy.ndarray'> : [[-0.22838292  4.86547897 -4.12091016  0.30177739  1.07800951  2.47027508]
 [-0.22838292  0.59423037 -2.16227515  2.61439098  1.07800951  2.47027508]
 [-0.22838292  4.81947174 -3.60062282 -3.31409536 -1.07800951 -0.67131757]
 [-0.22838292  0.87857833 -2.68256249 -0.2912623  -1.07800951 -0.67131757]
 [-2.44365538  2.17959144 -3.61655065  3.70843943  1.50229298  0.0951565 ]
 [-2.44365538 -1.7656162   3.61655065  0.42054578  1.50229298  0.0951565 ]
 [-2.44365538  2.58880878 -4.11224666  0.65332546 -1.50229298 -3.04643616]
 [-2.44365538 -1.67535214  4.11224666 -3.30700694 -1.50229298 -3.04643616]]
*************************InPut : position : <type 'numpy.ndarray'> : [-0.36057865 -0.11049432  0.14655652]
InPut : Rotation : <type 'numpy.ndarray'> : [[-0.54892566  0.6407146  -0.53681041]
 [ 0.83582084  0.41369162 -0.36091932]
 [-0.00917231 -0.6467952  -0.76260857]]
Output : ikUR5:<type 'numpy.ndarray'> : [[-0.19729507  4.99032688 -4.1290965   0.17099509  1.09376729  2.50056608]
 [-0.19729507  0.71235778 -2.1540888   2.4739565   1.09376729  2.50056608]
 [-0.19729507  5.07259848 -3.63260675 -3.54935891 -1.09376729 -0.64102657]
 [-0.19729507  1.12231374 -2.65057855 -0.58110237 -1.09376729 -0.64102657]
 [-2.46803971  1.958818   -3.65642467  3.97021804  1.51802555  0.07649186]
 [-2.46803971 -2.00020365  3.65642467  0.61639035  1.51802555  0.07649186]
 [-2.46803971  2.46369501 -4.11527923  0.78260294 -1.51802555 -3.0651008 ]
 [-2.46803971 -1.80294397  4.11527923 -3.18131654 -1.51802555 -3.0651008 ]]
*************************InPut : position : <type 'numpy.ndarray'> : [-0.36057865 -0.11049432  0.14655651]
InPut : Rotation : <type 'numpy.ndarray'> : [[-0.54892566  0.6407146  -0.53681041]
 [ 0.83582084  0.41369162 -0.36091932]
 [-0.00917231 -0.6467952  -0.76260857]]
Output : ikUR5:<type 'numpy.ndarray'> : [[-0.19729507  4.99032688 -4.1290965   0.17099509  1.09376729  2.50056608]
 [-0.19729507  0.71235778 -2.1540888   2.47395649  1.09376729  2.50056608]
 [-0.19729507  5.07259848 -3.63260676 -3.54935891 -1.09376729 -0.64102657]
 [-0.19729507  1.12231374 -2.65057855 -0.58110238 -1.09376729 -0.64102657]
 [-2.46803971  1.95881799 -3.65642467  3.97021805  1.51802555  0.07649186]
 [-2.46803971 -2.00020365  3.65642467  0.61639035  1.51802555  0.07649186]
 [-2.46803971  2.46369501 -4.11527923  0.78260294 -1.51802555 -3.0651008 ]
 [-2.46803971 -1.80294397  4.11527923 -3.18131654 -1.51802555 -3.0651008 ]]
*************************InPut : position : <type 'numpy.ndarray'> : [-0.36057865 -0.11049432  0.14655651]
InPut : Rotation : <type 'numpy.ndarray'> : [[-0.54892566  0.6407146  -0.53681041]
 [ 0.83582084  0.41369162 -0.36091932]
 [-0.00917231 -0.6467952  -0.76260857]]
Output : ikUR5:<type 'numpy.ndarray'> : [[-0.19729507  4.99032688 -4.1290965   0.17099509  1.09376729  2.50056608]
 [-0.19729507  0.71235778 -2.1540888   2.47395649  1.09376729  2.50056608]
 [-0.19729507  5.07259848 -3.63260676 -3.54935891 -1.09376729 -0.64102657]
 [-0.19729507  1.12231374 -2.65057855 -0.58110238 -1.09376729 -0.64102657]
 [-2.46803971  1.95881799 -3.65642467  3.97021805  1.51802555  0.07649186]
 [-2.46803971 -2.00020365  3.65642467  0.61639035  1.51802555  0.07649186]
 [-2.46803971  2.46369501 -4.11527923  0.78260294 -1.51802555 -3.0651008 ]
 [-2.46803971 -1.80294397  4.11527923 -3.18131654 -1.51802555 -3.0651008 ]]
*************************InPut : position : <type 'numpy.ndarray'> : [-0.36057865 -0.11049432  0.14655651]
InPut : Rotation : <type 'numpy.ndarray'> : [[-0.54892566  0.6407146  -0.53681041]
 [ 0.83582084  0.41369162 -0.36091932]
 [-0.00917231 -0.6467952  -0.76260857]]
Output : ikUR5:<type 'numpy.ndarray'> : [[-0.19729507  4.99032688 -4.1290965   0.17099509  1.09376729  2.50056608]
 [-0.19729507  0.71235778 -2.1540888   2.47395649  1.09376729  2.50056608]
 [-0.19729507  5.07259848 -3.63260676 -3.54935891 -1.09376729 -0.64102657]
 [-0.19729507  1.12231374 -2.65057855 -0.58110238 -1.09376729 -0.64102657]
 [-2.46803971  1.95881799 -3.65642467  3.97021805  1.51802555  0.07649186]
 [-2.46803971 -2.00020365  3.65642467  0.61639035  1.51802555  0.07649186]
 [-2.46803971  2.46369501 -4.11527923  0.78260294 -1.51802555 -3.0651008 ]
 [-2.46803971 -1.80294397  4.11527923 -3.18131654 -1.51802555 -3.0651008 ]]
*************************